20 59.06
40 61.12
60 62.49
80 63.67
100 64.82
120 65.88
140 67.04
160 68.18
180 69.18
200 70.24
220 71.38
240 72.40
260 73.46
280 74.44
300 75.46
320 76.47
340 77.44
360 78.52
380 79.43
400 80.34
420 81.13
440 82.01
460 82.88
480 83.64
500 84.35
520 85.04
540 85.74
560 86.42
580 87.09
600 87.79
620 88.48
640 89.06
660 89.64
680 90.28
700 90.86
720 91.30
740 91.74
760 92.26
780 92.71
800 93.12
820 93.53
840 93.88
860 94.25
880 94.51
900 94.79
920 95.06
940 95.30
960 95.58
980 95.80
1000 95.95
1020 96.13
1040 96.32
1060 96.45
1080 96.60
1100 96.75
1120 96.92
1140 97.03
1160 97.17
1180 97.27
1200 97.31
1220 97.38
1240 97.45
1260 97.52
1280 97.56
1300 97.64
1320 97.75
1340 97.81
1360 97.90
1380 97.96
1400 98.03
1420 98.09
1440 98.12
1460 98.18
1480 98.22
1500 98.27
1520 98.29
1540 98.34
1560 98.40
1580 98.44
1600 98.47
1620 98.50
1640 98.51
1660 98.54
1680 98.57
1700 98.62
1720 98.68
1740 98.70
1760 98.73
1780 98.78
1800 98.80
1820 98.83
1840 98.85
1860 98.86
1880 98.87
1900 98.91
1920 98.93
1940 98.94
1960 98.94
1980 98.98
2000 98.99
2020 98.99
2040 99.00
2060 99.01
2080 99.05
2100 99.10
2120 99.13
2140 99.15
2160 99.20
2180 99.22
2200 99.24
2220 99.25
2240 99.25
2260 99.27
2280 99.28
2300 99.30
2320 99.32
2340 99.35
2360 99.35
2380 99.35
2400 99.37
2420 99.38
2440 99.39
2460 99.40
2480 99.40
2500 99.41
2520 99.41
2540 99.41
2560 99.42
2580 99.42
2600 99.43
2620 99.44
2640 99.44
2660 99.44
2680 99.45
2700 99.47
2720 99.50
2740 99.51
2760 99.51
2780 99.51
2800 99.51
2820 99.51
2840 99.52
2860 99.52
2880 99.52
2900 99.54
2920 99.54
2940 99.54
2960 99.55
2980 99.55
3000 99.55
3020 99.56
3040 99.56
3060 99.56
3080 99.57
3100 99.57
3120 99.57
3140 99.57
3160 99.57
3180 99.58
3200 99.58
3220 99.59
3240 99.59
3260 99.59
3280 99.60
3300 99.60
3320 99.61
3340 99.62
3360 99.62
3380 99.62
3400 99.63
3420 99.65
3440 99.65
3460 99.65
3480 99.65
3500 99.65
3520 99.65
3540 99.66
3560 99.66
3580 99.66
3600 99.67
3620 99.67
3640 99.69
3660 99.69
3680 99.69
3700 99.69
3720 99.70
3740 99.70
3760 99.70
3780 99.70
3800 99.70
3820 99.70
3840 99.71
3860 99.72
3880 99.72
3900 99.72
3920 99.73
3940 99.73
3960 99.73
3980 99.73
4000 99.73
4020 99.74
4040 99.75
4060 99.75
4080 99.75
4100 99.75
4120 99.75
4140 99.76
4160 99.76
4180 99.76
4200 99.76
4220 99.76
4240 99.76
4260 99.76
4280 99.76
4300 99.76
4320 99.76
4340 99.76
4360 99.76
4380 99.76
4400 99.76
4420 99.76
4440 99.76
4460 99.77
4480 99.77
4500 99.77
4520 99.77
4540 99.77
4560 99.77
4580 99.77
4600 99.77
4620 99.77
4640 99.77
4660 99.77
4680 99.77
4700 99.77
4720 99.78
4740 99.78
4760 99.79
4780 99.80
4800 99.80
4820 99.81
4840 99.81
4860 99.81
4880 99.81
4900 99.81
4920 99.81
4940 99.81
4960 99.81
4980 99.81
5000 99.82
5020 99.82
5040 99.82
5060 99.82
5080 99.83
5100 99.83
5120 99.83
5140 99.84
5160 99.85
5180 99.85
5200 99.85
5220 99.85
5240 99.85
5260 99.85
5280 99.86
5300 99.86
5320 99.86
5340 99.86
5360 99.86
5380 99.86
5400 99.87
5420 99.87
5440 99.87
5460 99.87
5480 99.87
5500 99.87
5520 99.87
5540 99.87
5560 99.87
5580 99.87
5600 99.87
5620 99.87
5640 99.87
5660 99.88
5680 99.88
5700 99.88
5720 99.88
5740 99.88
5760 99.88
5780 99.88
5800 99.89
5820 99.89
5840 99.90
5860 99.90
5880 99.90
5900 99.90
5920 99.90
5940 99.90
5960 99.90
5980 99.90
6000 99.90
6020 99.90
6040 99.90
6060 99.91
6080 99.91
6100 99.91
6120 99.91
6140 99.91
6160 99.91
6180 99.91
6200 99.91
6220 99.91
6240 99.92
6260 99.92
6280 99.92
6300 99.92
6320 99.92
6340 99.92
6360 99.92
6380 99.92
6400 99.92
6420 99.92
6440 99.92
6460 99.92
6480 99.92
6500 99.92
6520 99.92
6540 99.92
6560 99.92
6580 99.92
6600 99.92
6620 99.92
6640 99.92
6660 99.92
6680 99.92
6700 99.92
6720 99.92
6740 99.92
6760 99.92
6780 99.92
6800 99.92
6820 99.92
6840 99.92
6860 99.92
6880 99.92
6900 99.92
6920 99.92
6940 99.92
6960 99.92
6980 99.92
7000 99.92
7020 99.92
7040 99.93
7060 99.93
7080 99.93
7100 99.93
7120 99.93
7140 99.93
7160 99.93
7180 99.93
7200 99.93
7220 99.93
7240 99.93
7260 99.94
7280 99.94
7300 99.94
7320 99.94
7340 99.94
7360 99.94
7380 99.94
7400 99.94
7420 99.94
7440 99.94
7460 99.94
7480 99.94
7500 99.94
7520 99.94
7540 99.94
7560 99.94
7580 99.94
7600 99.95
7620 99.95
7640 99.95
7660 99.95
7680 99.95
7700 99.95
7720 99.95
7740 99.95
7760 99.95
7780 99.95
7800 99.95
7820 99.96
7840 99.96
7860 99.96
7880 99.96
7900 99.96
7920 99.96
7940 99.96
7960 99.96
7980 99.96
8000 99.96
8020 99.96
8040 99.96
8060 99.96
8080 99.96
8100 99.96
8120 99.96
8140 99.96
8160 99.96
8180 99.96
8200 99.96
8220 99.96
8240 99.96
8260 99.96
8280 99.96
8300 99.96
8320 99.96
8340 99.96
8360 99.96
8380 99.96
8400 99.96
8420 99.96
8440 99.96
8460 99.96
8480 99.96
8500 99.96
8520 99.96
8540 99.96
8560 99.96
8580 99.96
8600 99.96
8620 99.96
8640 99.96
8660 99.97
8680 99.97
8700 99.97
8720 99.97
8740 99.97
8760 99.97
8780 99.97
8800 99.97
8820 99.97
8840 99.97
8860 99.97
8880 99.97
8900 99.97
8920 99.97
8940 99.97
8960 99.97
8980 99.97
9000 99.97
9020 99.97
9040 99.98
9060 99.98
9080 99.98
9100 99.98
9120 99.98
9140 99.98
9160 99.99
9180 99.99
9200 99.99
9220 99.99
9240 99.99
9260 99.99
9280 99.99
9300 99.99
9320 99.99
9340 99.99
9360 99.99
9380 99.99
9400 99.99
9420 99.99
9440 99.99
9460 99.99
9480 99.99
9500 99.99
9520 99.99
9540 99.99
9560 99.99
9580 99.99
9600 99.99
9620 99.99
9640 99.99
9660 99.99
9680 99.99
9700 99.99
9720 99.99
9740 99.99
9760 99.99
9780 99.99
9800 99.99
9820 99.99
9840 99.99
9860 99.99
9880 99.99
9900 99.99
9920 99.99
9940 99.99
9960 99.99
9980 99.99
10000 99.99
10020 99.99
10040 99.99
10060 99.99
10080 99.99
10100 99.99
10120 99.99
10140 99.99
10160 99.99
10180 99.99
10200 99.99
10220 99.99
10240 99.99
10260 99.99
10280 99.99
10300 99.99
10320 99.99
10340 99.99
10360 99.99
10380 99.99
10400 99.99
10420 99.99
10440 99.99
10460 99.99
10480 99.99
10500 99.99
10520 99.99
10540 99.99
10560 99.99
10580 99.99
10600 99.99
10620 99.99
10640 99.99
10660 99.99
10680 99.99
10700 99.99
10720 99.99
10740 99.99
10760 99.99
10780 99.99
10800 99.99
10820 99.99
10840 99.99
10860 99.99
10880 99.99
10900 99.99
10920 99.99
10940 99.99
10960 99.99
10980 99.99
11000 99.99
11020 99.99
11040 99.99
11060 99.99
11080 99.99
11100 99.99
11120 99.99
11140 99.99
11160 99.99
11180 99.99
11200 99.99
11220 99.99
11240 99.99
11260 99.99
11280 99.99
11300 99.99
11320 99.99
11340 99.99
11360 99.99
11380 99.99
11400 99.99
11420 99.99
11440 99.99
11460 99.99
11480 99.99
11500 99.99
11520 99.99
11540 99.99
11560 99.99
11580 99.99
11600 99.99
11620 99.99
11640 99.99
11660 99.99
11680 99.99
11700 99.99
11720 99.99
11740 99.99
11760 99.99
11780 99.99
11800 99.99
11820 99.99
11840 99.99
11860 99.99
11880 99.99
11900 99.99
11920 99.99
11940 99.99
11960 99.99
11980 99.99
12000 99.99
12020 99.99
12040 99.99
12060 99.99
12080 99.99
12100 99.99
12120 99.99
12140 99.99
12160 99.99
12180 99.99
12200 99.99
12220 99.99
12240 99.99
12260 99.99
12280 99.99
12300 99.99
12320 99.99
12340 99.99
12360 99.99
12380 99.99
12400 99.99
12420 99.99
12440 99.99
12460 99.99
12480 99.99
12500 99.99
12520 99.99
12540 99.99
12560 99.99
12580 99.99
12600 99.99
12620 99.99
12640 99.99
12660 99.99
12680 99.99
12700 99.99
12720 99.99
12740 99.99
12760 99.99
12780 99.99
12800 99.99
12820 99.99
12840 99.99
12860 99.99
12880 99.99
12900 99.99
12920 99.99
12940 99.99
12960 99.99
12980 99.99
13000 99.99
13020 99.99
13040 99.99
13060 99.99
13080 99.99
13100 99.99
13120 99.99
13140 99.99
13160 99.99
13180 99.99
13200 99.99
13220 99.99
13240 99.99
13260 99.99
13280 99.99
13300 99.99
13320 99.99
13340 99.99
13360 99.99
13380 99.99
13400 99.99
13420 99.99
13440 99.99
13460 99.99
13480 99.99
13500 99.99
13520 99.99
13540 99.99
13560 99.99
13580 99.99
13600 99.99
13620 99.99
13640 99.99
13660 99.99
13680 99.99
13700 99.99
13720 99.99
13740 99.99
13760 99.99
13780 99.99
13800 99.99
13820 99.99
13840 99.99
13860 99.99
13880 99.99
13900 99.99
13920 99.99
13940 99.99
13960 99.99
13980 99.99
14000 99.99
14020 99.99
14040 99.99
14060 99.99
14080 99.99
14100 99.99
14120 99.99
14140 99.99
14160 99.99
14180 99.99
14200 99.99
14220 99.99
14240 99.99
14260 99.99
14280 99.99
14300 99.99
14320 99.99
14340 99.99
14360 99.99
14380 99.99
14400 99.99
14420 99.99
14440 99.99
14460 99.99
14480 99.99
14500 99.99
14520 99.99
14540 99.99
14560 99.99
14580 99.99
14600 99.99
14620 99.99
14640 99.99
14660 99.99
14680 99.99
14700 99.99
14720 99.99
14740 99.99
14760 99.99
14780 99.99
14800 99.99
14820 99.99
14840 99.99
14860 99.99
14880 99.99
14900 99.99
14920 99.99
14940 99.99
14960 99.99
14980 99.99
15000 99.99
15020 99.99
15040 99.99
15060 99.99
15080 99.99
15100 99.99
15120 99.99
15140 99.99
15160 99.99
15180 99.99
15200 99.99
15220 99.99
15240 99.99
15260 99.99
15280 99.99
15300 99.99
15320 99.99
15340 99.99
15360 99.99
15380 99.99
15400 99.99
15420 99.99
15440 99.99
15460 99.99
15480 99.99
15500 99.99
15520 99.99
15540 99.99
15560 99.99
15580 99.99
15600 99.99
15620 99.99
15640 99.99
15660 99.99
15680 99.99
15700 99.99
15720 99.99
15740 99.99
15760 99.99
15780 99.99
15800 99.99
15820 99.99
15840 99.99
15860 99.99
15880 99.99
15900 99.99
15920 99.99
15940 99.99
15960 99.99
15980 99.99
16000 99.99
16020 99.99
16040 99.99
16060 99.99
16080 99.99
16100 99.99
16120 99.99
16140 99.99
16160 99.99
16180 99.99
16200 99.99
16220 99.99
16240 99.99
16260 99.99
16280 99.99
16300 99.99
16320 99.99
16340 99.99
16360 99.99
16380 99.99
16400 99.99
16420 99.99
16440 99.99
16460 99.99
16480 99.99
16500 99.99
16520 99.99
16540 99.99
16560 99.99
16580 99.99
16600 99.99
16620 99.99
16640 99.99
16660 99.99
16680 99.99
16700 99.99
16720 99.99
16740 99.99
16760 99.99
16780 99.99
16800 99.99
16820 99.99
16840 99.99
16860 99.99
16880 99.99
16900 99.99
16920 99.99
16940 99.99
16960 99.99
16980 99.99
17000 99.99
17020 99.99
17040 99.99
17060 99.99
17080 99.99
17100 99.99
17120 99.99
17140 99.99
17160 99.99
17180 99.99
17200 99.99
17220 99.99
17240 99.99
17260 99.99
17280 99.99
17300 99.99
17320 99.99
17340 99.99
17360 99.99
17380 99.99
17400 99.99
17420 99.99
17440 99.99
17460 99.99
17480 99.99
17500 99.99
17520 99.99
17540 99.99
17560 99.99
17580 99.99
17600 99.99
17620 99.99
17640 99.99
17660 99.99
17680 99.99
17700 99.99
17720 99.99
17740 99.99
17760 99.99
17780 99.99
17800 99.99
17820 99.99
17840 99.99
17860 99.99
17880 99.99
17900 99.99
17920 99.99
17940 99.99
17960 99.99
17980 99.99
18000 99.99
18020 99.99
18040 99.99
18060 99.99
18080 99.99
18100 99.99
18120 100.00
18140 100.00
18160 100.00
18180 100.00
18200 100.00
18220 100.00
18240 100.00
18260 100.00
18280 100.00
18300 100.00
18320 100.00
18340 100.00
18360 100.00
18380 100.00
18400 100.00
18420 100.00
18440 100.00
18460 100.00
18480 100.00
18500 100.00
18520 100.00
18540 100.00
18560 100.00
18580 100.00
18600 100.00
18620 100.00
18640 100.00
18660 100.00
18680 100.00
18700 100.00
18720 100.00
18740 100.00
18760 100.00
18780 100.00
18800 100.00
18820 100.00
18840 100.00
18860 100.00
18880 100.00
18900 100.00
18920 100.00
18940 100.00
18960 100.00
18980 100.00
19000 100.00
19020 100.00
19040 100.00
19060 100.00
19080 100.00
19100 100.00
19120 100.00
19140 100.00
19160 100.00
19180 100.00
19200 100.00
19220 100.00
19240 100.00
19260 100.00
19280 100.00
19300 100.00
19320 100.00
19340 100.00
19360 100.00
19380 100.00
19400 100.00
19420 100.00
19440 100.00
19460 100.00
19480 100.00
19500 100.00
19520 100.00
19540 100.00
19560 100.00
19580 100.00
19600 100.00
19620 100.00
19640 100.00
19660 100.00
19680 100.00
19700 100.00
19720 100.00
19740 100.00
19760 100.00
19780 100.00
19800 100.00
19820 100.00
19840 100.00
19860 100.00
19880 100.00
19900 100.00
19920 100.00
19940 100.00
19960 100.00
19980 100.00
20000 100.00
