50 71
100 83
150 89
200 93
250 95
300 97
350 98
400 99
450 99
500 100
550 100
600 100
650 100
700 100
750 100
800 100
850 100
900 100
950 100
1000 100
1050 100
1100 100
1150 100
1200 100
1250 100
1300 100
1350 100
1400 100
1450 100
1500 100
1550 100
1600 100
1650 100
1700 100
1750 100
1800 100
1850 100
1900 100
1950 100
2000 100
2050 100
2100 100
2150 100
2200 100
2250 100
2300 100
2350 100
2400 100
2450 100
2500 100
2550 100
2600 100
2650 100
2700 100
2750 100
2800 100
2850 100
2900 100
2950 100
3000 100
