20 53
40 53
60 53
80 53
100 53
120 53
140 53
160 53
180 53
200 53
220 53
240 53
260 53
280 53
300 53
320 53
340 53
360 53
380 53
400 53
420 53
440 53
460 53
480 53
500 53
520 53
540 53
560 53
580 53
600 53
620 53
640 53
660 53
680 53
700 53
720 53
740 53
760 53
780 53
800 53
820 54
840 54
860 54
880 54
900 54
920 54
940 54
960 54
980 54
1000 54
1020 54
1040 54
1060 54
1080 54
1100 54
1120 54
1140 54
1160 54
1180 54
1200 54
1220 54
1240 54
1260 54
1280 54
1300 54
1320 54
1340 54
1360 54
1380 54
1400 54
1420 54
1440 54
1460 54
1480 54
1500 54
1520 54
1540 54
1560 54
1580 54
1600 54
1620 54
1640 54
1660 54
1680 54
1700 54
1720 54
1740 54
1760 54
1780 54
1800 54
1820 54
1840 54
1860 54
1880 54
1900 54
1920 54
1940 54
1960 54
1980 54
2000 54
2020 54
2040 54
2060 54
2080 54
2100 54
2120 54
2140 54
2160 54
2180 54
2200 54
2220 54
2240 54
2260 54
2280 54
2300 54
2320 54
2340 54
2360 54
2380 54
2400 54
2420 54
2440 54
2460 54
2480 54
2500 54
2520 54
2540 54
2560 54
2580 54
2600 54
2620 54
2640 54
2660 54
2680 54
2700 54
2720 54
2740 54
2760 54
2780 54
2800 54
2820 54
2840 54
2860 54
2880 54
2900 54
2920 54
2940 54
2960 54
2980 54
3000 54
3020 54
3040 54
3060 54
3080 54
3100 54
3120 54
3140 54
3160 54
3180 54
3200 54
3220 54
3240 54
3260 54
3280 54
3300 54
3320 54
3340 54
3360 54
3380 54
3400 54
3420 54
3440 54
3460 54
3480 54
3500 54
3520 54
3540 54
3560 54
3580 54
3600 54
3620 54
3640 54
3660 54
3680 54
3700 54
3720 54
3740 54
3760 54
3780 54
3800 54
3820 54
3840 54
3860 54
3880 54
3900 54
3920 54
3940 54
3960 54
3980 54
4000 54
4020 54
4040 54
4060 54
4080 54
4100 54
4120 54
4140 54
4160 54
4180 54
4200 54
4220 54
4240 54
4260 54
4280 54
4300 54
4320 54
4340 54
4360 54
4380 54
4400 54
4420 54
4440 54
4460 54
4480 54
4500 54
4520 54
4540 54
4560 54
4580 54
4600 54
4620 54
4640 54
4660 54
4680 54
4700 54
4720 54
4740 54
4760 54
4780 54
4800 54
4820 54
4840 54
4860 54
4880 54
4900 54
4920 54
4940 54
4960 54
4980 54
5000 54
5020 54
5040 54
5060 54
5080 54
5100 54
5120 54
5140 54
5160 54
5180 54
5200 54
5220 54
5240 54
5260 54
5280 54
5300 54
5320 54
5340 54
5360 54
5380 54
5400 54
5420 54
5440 54
5460 54
5480 54
5500 54
5520 54
5540 54
5560 54
5580 54
5600 54
5620 54
5640 54
5660 54
5680 54
5700 54
5720 54
5740 54
5760 54
5780 54
5800 54
5820 54
5840 54
5860 54
5880 54
5900 54
5920 54
5940 54
5960 54
5980 54
6000 54
6020 54
6040 54
6060 54
6080 54
6100 54
6120 54
6140 54
6160 54
6180 54
6200 54
6220 54
6240 54
6260 54
6280 54
6300 54
6320 54
6340 54
6360 54
6380 54
6400 54
6420 54
6440 54
6460 54
6480 54
6500 54
6520 54
6540 54
6560 54
6580 54
6600 54
6620 54
6640 54
6660 54
6680 54
6700 54
6720 54
6740 54
6760 54
6780 54
6800 54
6820 54
6840 54
6860 54
6880 54
6900 54
6920 54
6940 54
6960 54
6980 54
7000 54
7020 54
7040 54
7060 54
7080 54
7100 54
7120 54
7140 54
7160 54
7180 54
7200 54
7220 54
7240 54
7260 54
7280 54
7300 54
7320 54
7340 54
7360 54
7380 54
7400 54
7420 54
7440 54
7460 54
7480 54
7500 54
7520 54
7540 54
7560 54
7580 54
7600 54
7620 54
7640 54
7660 54
7680 54
7700 54
7720 54
7740 54
7760 54
7780 54
7800 54
7820 54
7840 54
7860 54
7880 54
7900 54
7920 54
7940 54
7960 54
7980 54
8000 54
8020 54
8040 54
8060 54
8080 54
8100 54
8120 54
8140 54
8160 54
8180 54
8200 54
8220 54
8240 54
8260 54
8280 54
8300 54
8320 54
8340 54
8360 54
8380 54
8400 54
8420 54
8440 54
8460 54
8480 54
8500 54
8520 54
8540 54
8560 54
8580 54
8600 54
8620 54
8640 54
8660 54
8680 54
8700 54
8720 54
8740 54
8760 54
8780 54
8800 54
8820 54
8840 54
8860 54
8880 54
8900 54
8920 54
8940 54
8960 54
8980 54
9000 54
9020 54
9040 54
9060 54
9080 54
9100 54
9120 54
9140 54
9160 54
9180 54
9200 54
9220 54
9240 54
9260 54
9280 54
9300 54
9320 54
9340 54
9360 54
9380 54
9400 54
9420 54
9440 54
9460 54
9480 54
9500 54
9520 54
9540 54
9560 54
9580 54
9600 54
9620 54
9640 54
9660 54
9680 54
9700 54
9720 54
9740 54
9760 54
9780 54
9800 54
9820 54
9840 54
9860 54
9880 54
9900 54
9920 54
9940 54
9960 54
9980 54
10000 54
10020 54
10040 54
10060 54
10080 54
10100 54
10120 54
10140 54
10160 54
10180 54
10200 54
10220 54
10240 54
10260 54
10280 54
10300 54
10320 54
10340 54
10360 54
10380 54
10400 54
10420 54
10440 54
10460 54
10480 54
10500 54
10520 54
10540 54
10560 54
10580 54
10600 54
10620 54
10640 54
10660 54
10680 54
10700 54
10720 54
10740 54
10760 54
10780 54
10800 54
10820 54
10840 54
10860 54
10880 54
10900 54
10920 54
10940 54
10960 54
10980 54
11000 54
11020 54
11040 54
11060 54
11080 54
11100 54
11120 54
11140 54
11160 54
11180 54
11200 54
11220 54
11240 54
11260 54
11280 54
11300 54
11320 54
11340 54
11360 54
11380 54
11400 54
11420 54
11440 54
11460 54
11480 54
11500 54
11520 54
11540 54
11560 54
11580 54
11600 54
11620 54
11640 54
11660 54
11680 54
11700 54
11720 54
11740 54
11760 54
11780 54
11800 54
11820 54
11840 54
11860 54
11880 54
11900 54
11920 54
11940 54
11960 54
11980 54
12000 54
12020 54
12040 54
12060 54
12080 54
12100 54
12120 54
12140 54
12160 54
12180 54
12200 54
12220 54
12240 54
12260 54
12280 54
12300 54
12320 54
12340 54
12360 54
12380 54
12400 54
12420 54
12440 54
12460 54
12480 54
12500 54
12520 54
12540 54
12560 54
12580 54
12600 54
12620 54
12640 54
12660 54
12680 54
12700 54
12720 54
12740 54
12760 54
12780 54
12800 54
12820 54
12840 54
12860 54
12880 54
12900 54
12920 54
12940 54
12960 54
12980 54
13000 54
13020 54
13040 54
13060 54
13080 54
13100 54
13120 54
13140 54
13160 54
13180 54
13200 54
13220 54
13240 54
13260 54
13280 54
13300 54
13320 54
13340 54
13360 54
13380 54
13400 54
13420 54
13440 54
13460 54
13480 54
13500 54
13520 54
13540 54
13560 54
13580 54
13600 54
13620 54
13640 54
13660 54
13680 54
13700 54
13720 54
13740 54
13760 54
13780 54
13800 54
13820 54
13840 54
13860 54
13880 54
13900 54
13920 54
13940 54
13960 54
13980 54
14000 54
14020 54
14040 54
14060 54
14080 54
14100 54
14120 54
14140 54
14160 54
14180 54
14200 54
14220 54
14240 54
14260 54
14280 54
14300 54
14320 54
14340 54
14360 54
14380 54
14400 54
14420 54
14440 54
14460 54
14480 54
14500 54
14520 54
14540 54
14560 54
14580 54
14600 54
14620 54
14640 54
14660 54
14680 54
14700 54
14720 54
14740 54
14760 54
14780 54
14800 54
14820 54
14840 54
14860 54
14880 54
14900 54
14920 54
14940 54
14960 54
14980 54
15000 54
15020 54
15040 54
15060 54
15080 54
15100 54
15120 54
15140 54
15160 54
15180 54
15200 54
15220 54
15240 54
15260 54
15280 54
15300 54
15320 54
15340 54
15360 54
15380 54
15400 54
15420 54
15440 54
15460 54
15480 54
15500 54
15520 54
15540 54
15560 54
15580 54
15600 54
15620 54
15640 54
15660 54
15680 54
15700 54
15720 54
15740 54
15760 54
15780 54
15800 54
15820 54
15840 54
15860 54
15880 54
15900 54
15920 54
15940 54
15960 54
15980 54
16000 54
16020 54
16040 54
16060 54
16080 54
16100 54
16120 54
16140 54
16160 54
16180 54
16200 54
16220 54
16240 54
16260 54
16280 54
16300 54
16320 54
16340 54
16360 54
16380 54
16400 54
16420 54
16440 54
16460 54
16480 54
16500 54
16520 54
16540 54
16560 54
16580 54
16600 54
16620 54
16640 54
16660 54
16680 54
16700 54
16720 54
16740 54
16760 54
16780 54
16800 54
16820 54
16840 54
16860 54
16880 54
16900 54
16920 54
16940 54
16960 54
16980 54
17000 54
17020 54
17040 54
17060 54
17080 54
17100 54
17120 54
17140 54
17160 54
17180 54
17200 54
17220 54
17240 54
17260 54
17280 54
17300 54
17320 54
17340 54
17360 54
17380 54
17400 54
17420 54
17440 54
17460 54
17480 54
17500 54
17520 54
17540 54
17560 54
17580 54
17600 54
17620 54
17640 54
17660 54
17680 54
17700 54
17720 54
17740 54
17760 54
17780 54
17800 54
17820 54
17840 54
17860 54
17880 54
17900 54
17920 54
17940 54
17960 54
17980 54
18000 54
18020 54
18040 54
18060 54
18080 54
18100 54
18120 54
18140 54
18160 54
18180 54
18200 54
18220 54
18240 54
18260 54
18280 54
18300 54
18320 54
18340 54
18360 54
18380 54
18400 54
18420 54
18440 54
18460 54
18480 54
18500 54
18520 54
18540 54
18560 54
18580 54
18600 54
18620 54
18640 54
18660 54
18680 54
18700 54
18720 54
18740 54
18760 54
18780 54
18800 54
18820 54
18840 54
18860 54
18880 54
18900 54
18920 54
18940 54
18960 54
18980 54
19000 54
19020 54
19040 54
19060 54
19080 54
19100 54
19120 54
19140 54
19160 54
19180 54
19200 54
19220 54
19240 54
19260 54
19280 54
19300 54
19320 54
19340 54
19360 54
19380 54
19400 54
19420 54
19440 54
19460 54
19480 54
19500 54
19520 54
19540 54
19560 54
19580 54
19600 54
19620 54
19640 54
19660 54
19680 54
19700 54
19720 54
19740 54
19760 54
19780 54
19800 54
19820 54
19840 54
19860 54
19880 54
19900 54
19920 54
19940 54
19960 54
19980 54
20000 54
